25000 1
25000 1
25000 1
25000 2
25000 2
25000 2
25000 4
25000 4
25000 4
25000 8
25000 8
25000 8
25000 16
25000 16
25000 16
25000 32
25000 32
25000 32
25000 64
25000 64
25000 64
30000 1
30000 1
30000 1
30000 2
30000 2
30000 2
30000 4
30000 4
30000 4
30000 8
30000 8
30000 8
30000 16
30000 16
30000 16
30000 32
30000 32
30000 32
30000 64
30000 64
30000 64
40000 1
40000 1
40000 1
40000 2
40000 2
40000 2
40000 4
40000 4
40000 4
40000 8
40000 8
40000 8
40000 16
40000 16
40000 16
40000 32
40000 32
40000 32
40000 64
40000 64
40000 64